3058166640 test
3067112304 test
3067112304 test
3067112304 test
3058719600 test
3058719600 test
3058719600 test
3075505008 test
3075505008 test
3075505008 test
3075476336 test
3075476336 test
3075017584 test
3075017584 test
3075017584 test
3075017584 test
3074694000 test
3074694000 test
3074694000 test
3066301296 test
3066301296 test
3066301296 test
3057908592 test
3057908592 test
3057908592 test
3075103600 test
3075103600 test
3075103600 test
3066710896 test
3066710896 test
3066710896 test
3058318192 test
3058318192 test
3058318192 test
3058502512
3058502512
3058502512
3075287920
3075287920
3075287920
3066895216
3066895216
3067157360
3058764656
3058764656
3058764656
3075550064
3075550064
3075550064
3067157360
3067157360
3066542960
3066542960
3066542960
3074935664
3074935664
3074935664
3058150256
3058150256
3058150256
3075033968
3075033968
3075033968
3058248560
3058248560
3058248560
3066641264
3066641264
3066641264
3074820976
3066428272
3066428272
3066428272
3074820976
3074820976
3058035568
3058035568
3058035568
3074902896
3074902896
3066510192
3066510192
3066510192
3058117488
3058117488
3058117488
3074902896
3058768752
3058768752
3058768752
3067161456
3067161456
3067161456
3075554160
3075554160
3075554160
3050396528
3050396528
3050396528
3058789232
3058789232
3058789232
3067181936
3067181936
3067181936
3000040304
3000040304
3074853744
3074853744
3074853744
3041282928
3041282928
3041282928
3016104816
3016104816
3016104816
2999319408
2999319408
2999319408
3032890224
3032890224
3032890224
3058068336
3058068336
3058068336
3024497520
3024497520
3024497520
3049675632
3049675632
3049675632
3007712112
3007712112
3007712112
3066461040
3066461040
3066461040
3075361648
3066968944
3058576240
3050183536
3041790832
3033398128
3025005424
3016612720
3008220016
2999827312
